=== Results: Dataset: <qpm_real> | Pretext Model: <cnn> ===
+---------------+-----------------+------------------+---------------+-----------+---------------+----------------+-------------+----------+
| Classifier    |   Test_Accuracy |   Test_Precision |   Test_Recall |   Test_F1 | CV_Accuracy   | CV_Precision   | CV_Recall   | CV_F1    |
+===============+=================+==================+===============+===========+===============+================+=============+==========+
| random_forest |          85.000 |           86.100 |        84.100 |    84.500 | 84.0±2.1      | 84.1±2.7       | 83.4±2.4    | 83.5±2.5 |
+---------------+-----------------+------------------+---------------+-----------+---------------+----------------+-------------+----------+
| svm           |          92.700 |           92.900 |        92.100 |    92.400 | 92.4±1.9      | 92.8±1.8       | 91.7±2.3    | 91.9±2.2 |
+---------------+-----------------+------------------+---------------+-----------+---------------+----------------+-------------+----------+
+---------------+-----------------------------------+
| Classifier    | Test_Confusion_Matrix             |
+===============+===================================+
| random_forest | [[26  0  0  0  0  0  1  7  0  1]  |
|               |  [ 0 20  2  0  0  0  0  0  0  0]  |
|               |  [ 0  1 15  0  3  0  0  0  0  0]  |
|               |  [ 0  0  0 20  2  1  0  2  1  0]  |
|               |  [ 0  0  0  1 23  0  0  0  2  0]  |
|               |  [ 2  0  0  0  0 24  0  0  0  0]  |
|               |  [ 0  0  0  0  0  3 23  0  0  0]  |
|               |  [ 1  0  0  0  1  0  0 34  0  0]  |
|               |  [ 0  0  0  2  6  0  0  1 13  0]  |
|               |  [ 0  0  0  0  0  0  0  1  0 34]] |
+---------------+-----------------------------------+
| svm           | [[32  0  0  0  0  0  1  2  0  0]  |
|               |  [ 0 21  1  0  0  0  0  0  0  0]  |
|               |  [ 0  0 17  0  2  0  0  0  0  0]  |
|               |  [ 0  0  0 20  4  0  0  1  1  0]  |
|               |  [ 0  0  0  2 24  0  0  0  0  0]  |
|               |  [ 1  0  0  0  0 25  0  0  0  0]  |
|               |  [ 0  0  0  0  0  1 25  0  0  0]  |
|               |  [ 0  0  0  0  0  1  0 35  0  0]  |
|               |  [ 0  0  0  1  1  0  0  1 19  0]  |
|               |  [ 0  0  0  0  0  0  0  0  0 35]] |
+---------------+-----------------------------------+

+-------------------+-----------------+------------------+---------------+-----------+---------------+----------------+-------------+----------+
| Classifier        |   Test_Accuracy |   Test_Precision |   Test_Recall |   Test_F1 | CV_Accuracy   | CV_Precision   | CV_Recall   | CV_F1    |
+===================+=================+==================+===============+===========+===============+================+=============+==========+
| gradient_boosting |          89.700 |           90.300 |        89.300 |    89.400 | 85.4±2.4      | 85.9±2.3       | 84.5±2.6    | 84.8±2.6 |
+-------------------+-----------------+------------------+---------------+-----------+---------------+----------------+-------------+----------+
| xgboost           |          90.100 |           90.400 |        89.800 |    89.700 | 87.7±2.7      | 87.7±2.8       | 87.1±3.0    | 87.1±3.0 |
+-------------------+-----------------+------------------+---------------+-----------+---------------+----------------+-------------+----------+
+-------------------+-----------------------------------+
| Classifier        | Test_Confusion_Matrix             |
+===================+===================================+
| gradient_boosting | [[27  0  0  0  0  0  1  6  0  1]  |
|                   |  [ 0 21  1  0  0  0  0  0  0  0]  |
|                   |  [ 0  1 16  0  2  0  0  0  0  0]  |
|                   |  [ 0  0  0 23  2  0  0  0  1  0]  |
|                   |  [ 0  1  0  0 24  0  0  0  1  0]  |
|                   |  [ 0  0  0  0  0 25  1  0  0  0]  |
|                   |  [ 0  0  0  0  0  2 24  0  0  0]  |
|                   |  [ 1  0  0  1  0  0  0 34  0  0]  |
|                   |  [ 0  0  0  1  5  0  0  0 16  0]  |
|                   |  [ 0  0  0  0  0  0  0  0  0 35]] |
+-------------------+-----------------------------------+
| xgboost           | [[28  0  0  0  0  0  2  4  0  1]  |
|                   |  [ 0 21  1  0  0  0  0  0  0  0]  |
|                   |  [ 0  1 16  0  2  0  0  0  0  0]  |
|                   |  [ 0  0  0 22  1  1  0  0  1  1]  |
|                   |  [ 0  1  0  1 23  0  0  0  1  0]  |
|                   |  [ 0  0  0  0  0 26  0  0  0  0]  |
|                   |  [ 0  0  0  0  0  1 25  0  0  0]  |
|                   |  [ 0  0  0  0  0  2  1 33  0  0]  |
|                   |  [ 0  0  0  0  4  1  0  0 17  0]  |
|                   |  [ 0  0  0  0  0  0  0  0  0 35]] |
+-------------------+-----------------------------------+

=== Results: Dataset: <qpm_real> | Pretext Model: <resnet50> ===
+---------------+-----------------+------------------+---------------+-----------+---------------+----------------+-------------+----------+
| Classifier    |   Test_Accuracy |   Test_Precision |   Test_Recall |   Test_F1 | CV_Accuracy   | CV_Precision   | CV_Recall   | CV_F1    |
+===============+=================+==================+===============+===========+===============+================+=============+==========+
| random_forest |          91.600 |           92.200 |        90.500 |    91.000 | 88.9±1.8      | 89.3±2.1       | 87.8±1.9    | 88.0±2.0 |
+---------------+-----------------+------------------+---------------+-----------+---------------+----------------+-------------+----------+
| svm           |          37.400 |           26.700 |        33.900 |    28.800 | 35.5±2.9      | 32.0±10.2      | 31.7±3.0    | 26.5±3.1 |
+---------------+-----------------+------------------+---------------+-----------+---------------+----------------+-------------+----------+
+---------------+-----------------------------------+
| Classifier    | Test_Confusion_Matrix             |
+===============+===================================+
| random_forest | [[34  0  0  0  0  0  0  0  0  1]  |
|               |  [ 0 18  2  0  2  0  0  0  0  0]  |
|               |  [ 1  0 17  0  1  0  0  0  0  0]  |
|               |  [ 0  0  0 22  1  0  0  1  0  2]  |
|               |  [ 0  1  0  0 24  0  0  0  1  0]  |
|               |  [ 1  0  0  0  2 21  2  0  0  0]  |
|               |  [ 0  0  0  0  0  0 26  0  0  0]  |
|               |  [ 0  0  0  0  0  0  1 35  0  0]  |
|               |  [ 0  0  0  0  3  0  0  1 18  0]  |
|               |  [ 0  0  0  0  0  0  0  0  0 35]] |
+---------------+-----------------------------------+
| svm           | [[16  3  0  0  4  0  0 11  0  1]  |
|               |  [ 1 12  6  0  3  0  0  0  0  0]  |
|               |  [ 2  7  7  0  3  0  0  0  0  0]  |
|               |  [ 8  0  0  0  0  0  0 14  0  4]  |
|               |  [11  2  0  0 13  0  0  0  0  0]  |
|               |  [11  0  0  0  1  0  0 11  0  3]  |
|               |  [11  0  0  0  3  2  0 10  0  0]  |
|               |  [ 4  0  0  0  0  0  0 26  0  6]  |
|               |  [17  0  0  0  2  0  0  3  0  0]  |
|               |  [ 0  0  0  0  0  0  0  7  0 28]] |
+---------------+-----------------------------------+

=== Results: Dataset: <qpm_real> | Pretext Model: <resnet50> ===
+---------------+-----------------+------------------+---------------+-----------+---------------+----------------+-------------+----------+
| Classifier    |   Test_Accuracy |   Test_Precision |   Test_Recall |   Test_F1 | CV_Accuracy   | CV_Precision   | CV_Recall   | CV_F1    |
+===============+=================+==================+===============+===========+===============+================+=============+==========+
| random_forest |          91.600 |           92.200 |        90.500 |    91.000 | 88.9±1.8      | 89.3±2.1       | 87.8±1.9    | 88.0±2.0 |
+---------------+-----------------+------------------+---------------+-----------+---------------+----------------+-------------+----------+
| svm           |          37.400 |           26.700 |        33.900 |    28.800 | 35.5±2.9      | 32.0±10.2      | 31.7±3.0    | 26.5±3.1 |
+---------------+-----------------+------------------+---------------+-----------+---------------+----------------+-------------+----------+
+---------------+-----------------------------------+
| Classifier    | Test_Confusion_Matrix             |
+===============+===================================+
| random_forest | [[34  0  0  0  0  0  0  0  0  1]  |
|               |  [ 0 18  2  0  2  0  0  0  0  0]  |
|               |  [ 1  0 17  0  1  0  0  0  0  0]  |
|               |  [ 0  0  0 22  1  0  0  1  0  2]  |
|               |  [ 0  1  0  0 24  0  0  0  1  0]  |
|               |  [ 1  0  0  0  2 21  2  0  0  0]  |
|               |  [ 0  0  0  0  0  0 26  0  0  0]  |
|               |  [ 0  0  0  0  0  0  1 35  0  0]  |
|               |  [ 0  0  0  0  3  0  0  1 18  0]  |
|               |  [ 0  0  0  0  0  0  0  0  0 35]] |
+---------------+-----------------------------------+
| svm           | [[16  3  0  0  4  0  0 11  0  1]  |
|               |  [ 1 12  6  0  3  0  0  0  0  0]  |
|               |  [ 2  7  7  0  3  0  0  0  0  0]  |
|               |  [ 8  0  0  0  0  0  0 14  0  4]  |
|               |  [11  2  0  0 13  0  0  0  0  0]  |
|               |  [11  0  0  0  1  0  0 11  0  3]  |
|               |  [11  0  0  0  3  2  0 10  0  0]  |
|               |  [ 4  0  0  0  0  0  0 26  0  6]  |
|               |  [17  0  0  0  2  0  0  3  0  0]  |
|               |  [ 0  0  0  0  0  0  0  7  0 28]] |
+---------------+-----------------------------------+


=== Results: Dataset: <qpm_real> | Pretext Model: <resnet101> ===
+-------------------+-----------------+------------------+---------------+-----------+---------------+----------------+-------------+----------+
| Classifier        |   Test_Accuracy |   Test_Precision |   Test_Recall |   Test_F1 | CV_Accuracy   | CV_Precision   | CV_Recall   | CV_F1    |
+===================+=================+==================+===============+===========+===============+================+=============+==========+
| random_forest     |          73.300 |           75.600 |        71.400 |    71.100 | 67.9±2.5      | 67.9±2.9       | 65.8±2.7    | 65.8±2.7 |
+-------------------+-----------------+------------------+---------------+-----------+---------------+----------------+-------------+----------+
| svm               |          17.600 |           12.800 |        13.400 |     7.200 | 16.1±2.6      | 7.8±4.1        | 12.4±2.1    | 5.4±2.5  |
+-------------------+-----------------+------------------+---------------+-----------+---------------+----------------+-------------+----------+
| gradient_boosting |          75.800 |           74.600 |        73.800 |    73.800 | 74.4±1.9      | 74.4±2.0       | 72.5±1.8    | 72.6±1.8 |
+-------------------+-----------------+------------------+---------------+-----------+---------------+----------------+-------------+----------+
| xgboost           |          78.800 |           78.100 |        77.000 |    76.900 | 75.7±3.2      | 75.5±3.7       | 73.8±3.2    | 74.0±3.3 |
+-------------------+-----------------+------------------+---------------+-----------+---------------+----------------+-------------+----------+
+-------------------+-----------------------------------+
| Classifier        | Test_Confusion_Matrix             |
+===================+===================================+
| random_forest     | [[28  0  0  0  2  0  0  4  0  1]  |
|                   |  [ 0 14  5  0  3  0  0  0  0  0]  |
|                   |  [ 1  1 15  0  2  0  0  0  0  0]  |
|                   |  [ 3  0  0  8  1  0  0 10  2  2]  |
|                   |  [ 1  0  0  0 22  0  0  0  3  0]  |
|                   |  [ 2  0  0  1  3 12  4  1  1  2]  |
|                   |  [ 1  0  0  0  1  3 20  1  0  0]  |
|                   |  [ 1  0  0  0  0  0  1 32  0  2]  |
|                   |  [ 0  0  0  1  5  0  1  1 14  0]  |
|                   |  [ 0  0  0  0  0  0  0  0  0 35]] |
+-------------------+-----------------------------------+
| svm               | [[ 6  0  0  0  0  0  0 29  0  0]  |
|                   |  [20  0  0  0  0  0  0  2  0  0]  |
|                   |  [18  0  0  0  0  0  0  1  0  0]  |
|                   |  [ 0  0  0  0  0  0  0 26  0  0]  |
|                   |  [12  0  0  0  0  0  0 14  0  0]  |
|                   |  [ 0  0  0  0  0  0  0 26  0  0]  |
|                   |  [ 0  0  0  0  0  0  0 26  0  0]  |
|                   |  [ 0  0  0  0  0  0  0 36  0  0]  |
|                   |  [ 1  0  0  0  0  0  0 21  0  0]  |
|                   |  [ 0  0  0  0  0  0  0 29  0  6]] |
+-------------------+-----------------------------------+
| gradient_boosting | [[32  0  0  0  1  0  0  0  1  1]  |
|                   |  [ 0 15  5  0  2  0  0  0  0  0]  |
|                   |  [ 1  3 15  0  0  0  0  0  0  0]  |
|                   |  [ 0  0  0 12  1  1  0  8  2  2]  |
|                   |  [ 1  1  0  1 19  1  2  0  1  0]  |
|                   |  [ 2  0  0  1  1 17  3  1  0  1]  |
|                   |  [ 2  0  0  0  0  6 18  0  0  0]  |
|                   |  [ 0  0  0  4  0  1  0 31  0  0]  |
|                   |  [ 0  0  0  1  5  0  2  1 13  0]  |
|                   |  [ 0  0  0  0  0  0  0  0  0 35]] |
+-------------------+-----------------------------------+
| xgboost           | [[33  0  0  0  0  0  1  0  0  1]  |
|                   |  [ 1 16  4  0  1  0  0  0  0  0]  |
|                   |  [ 1  1 16  0  1  0  0  0  0  0]  |
|                   |  [ 0  0  0 12  1  0  0  8  3  2]  |
|                   |  [ 0  1  0  1 21  0  2  0  1  0]  |
|                   |  [ 2  0  0  0  1 18  4  1  0  0]  |
|                   |  [ 0  0  0  0  0  6 20  0  0  0]  |
|                   |  [ 0  0  0  3  0  2  0 31  0  0]  |
|                   |  [ 1  0  0  1  5  0  2  0 13  0]  |
|                   |  [ 0  0  0  0  0  0  0  0  0 35]] |
+-------------------+-----------------------------------+
